20210210|100|100000|
20210210|20210210|402880ca72fdd5840172fdf423ab0ce6|202102090232|52010002|13205378570600003|6232082800012687411|2021021093056491|1000|YH|
20210210|20210210|402880ca72fdd5840172fdf423ab0ce6|202102090233|52010002|13205378570600003|6232082800012687411|2021021093056492|1000|YH|
20210210|20210210|402880ca72fdd5840172fdf423ab0ce6|202102090234|52010002|13205378570600003|6232082800012687411|2021021093056493|1000|YH|
20210210|20210210|402880ca72fdd5840172fdf423ab0ce6|202102090231|52010002|13205378570600003|6232082800012687411|2021021093056494|1000|YH|
20210210|20210210|402880ca72fdd5840172fdf423ab0ce6|202102090227|52010002|13205378570600003|6232082800012687411|2021021093056495|1000|YH|
20210210|20210210|402880ca72fdd5840172fdf423ab0ce6|202102090226|52010002|13205378570600003|6232082800012687411|2021021093056496|1000|YH|
20210210|20210210|402880ca72fdd5840172fdf423ab0ce6|202102090221|52010002|13205378570600003|6232082800012687411|2021021093056497|1000|YH|
20210210|20210210|402880ca72fdd5840172fdf423ab0ce6|202102090208|52010002|13205378570600003|6232082800012687411|2021021093056498|1000|YH|
20210210|20210210|402880ca72fdd5840172fdf423ab0ce6|202102090222|52010002|13205378570600003|6232082800012687411|2021021093056499|1000|YH|
20210210|20210210|402880ca72fdd5840172fdf423ab0ce6|202102090225|52010002|13205378570600003|6232082800012687411|2021021093056500|1000|YH|
20210210|20210210|402880ca72fdd5840172fdf423ab0ce6|202102090209|52010002|13205378570600003|6232082800012687411|2021021093056501|1000|YH|
20210210|20210210|402880ca72fdd5840172fdf423ab0ce6|202102090224|52010002|13205378570600003|6232082800012687411|2021021093056502|1000|YH|
20210210|20210210|402880ca72fdd5840172fdf423ab0ce6|202102090220|52010002|13205378570600003|6232082800012687411|2021021093056503|1000|YH|
20210210|20210210|402880ca72fdd5840172fdf423ab0ce6|202102090223|52010002|13205378570600003|6232082800012687411|2021021093056504|1000|YH|
20210210|20210210|402880ca72fdd5840172fdf423ab0ce6|202102090219|52010002|13205378570600003|6232082800012687411|2021021093056505|1000|YH|
20210210|20210210|402880ca72fdd5840172fdf423ab0ce6|202102090217|52010002|13205378570600003|6232082800012687411|2021021093056506|1000|YH|
20210210|20210210|402880ca72fdd5840172fdf423ab0ce6|202102090214|52010002|13205378570600003|6232082800012687411|2021021093056507|1000|YH|
20210210|20210210|402880ca72fdd5840172fdf423ab0ce6|202102090207|52010002|13205378570600003|6232082800012687411|2021021093056508|1000|YH|
20210210|20210210|402880ca72fdd5840172fdf423ab0ce6|202102090216|52010002|13205378570600003|6232082800012687411|2021021093056509|1000|YH|
20210210|20210210|402880ca72fdd5840172fdf423ab0ce6|202102090218|52010002|13205378570600003|6232082800012687411|2021021093056510|1000|YH|
20210210|20210210|402880ca72fdd5840172fdf423ab0ce6|202102090215|52010002|13205378570600003|6232082800012687411|2021021093056511|1000|YH|
20210210|20210210|402880ca72fdd5840172fdf423ab0ce6|202102090206|52010002|13205378570600003|6232082800012687411|2021021093056513|1000|YH|
20210210|20210210|402880ca72fdd5840172fdf423ab0ce6|202102090213|52010002|13205378570600003|6232082800012687411|2021021093056514|1000|YH|
20210210|20210210|402880ca72fdd5840172fdf423ab0ce6|202102090205|52010002|13205378570600003|6232082800012687411|2021021093056515|1000|YH|
20210210|20210210|402880ca72fdd5840172fdf423ab0ce6|202102090210|52010002|13205378570600003|6232082800012687411|2021021093056516|1000|YH|
20210210|20210210|402880ca72fdd5840172fdf423ab0ce6|202102090204|52010002|13205378570600003|6232082800012687411|2021021093056517|1000|YH|
20210210|20210210|402880ca72fdd5840172fdf423ab0ce6|202102090157|52010002|13205378570600003|6232082800012687411|2021021093056518|1000|YH|
20210210|20210210|402880ca72fdd5840172fdf423ab0ce6|202102090144|52010002|13205378570600003|6232082800012687411|2021021093056519|1000|YH|
20210210|20210210|402880ca72fdd5840172fdf423ab0ce6|202102090184|52010002|13205378570600003|6232082800012687411|2021021093056520|1000|YH|
20210210|20210210|402880ca72fdd5840172fdf423ab0ce6|202102090183|52010002|13205378570600003|6232082800012687411|2021021093056521|1000|YH|
20210210|20210210|402880ca72fdd5840172fdf423ab0ce6|202102090181|52010002|13205378570600003|6232082800012687411|2021021093056522|1000|YH|
20210210|20210210|402880ca72fdd5840172fdf423ab0ce6|202102090180|52010002|13205378570600003|6232082800012687411|2021021093056523|1000|YH|
20210210|20210210|402880ca72fdd5840172fdf423ab0ce6|202102090177|52010002|13205378570600003|6232082800012687411|2021021093056524|1000|YH|
20210210|20210210|402880ca72fdd5840172fdf423ab0ce6|202102090162|52010002|13205378570600003|6232082800012687411|2021021093056525|1000|YH|
20210210|20210210|402880ca72fdd5840172fdf423ab0ce6|202102090161|52010002|13205378570600003|6232082800012687411|2021021093056526|1000|YH|
20210210|20210210|402880ca72fdd5840172fdf423ab0ce6|202102090160|52010002|13205378570600003|6232082800012687411|2021021093056527|1000|YH|
20210210|20210210|402880ca72fdd5840172fdf423ab0ce6|202102090151|52010002|13205378570600003|6232082800012687411|2021021093056528|1000|YH|
20210210|20210210|402880ca72fdd5840172fdf423ab0ce6|202102090112|52010002|13205378570600003|6232082800012687411|2021021093056529|1000|YH|
20210210|20210210|402880ca72fdd5840172fdf423ab0ce6|202102090137|52010002|13205378570600003|6232082800012687411|2021021093056530|1000|YH|
20210210|20210210|402880ca72fdd5840172fdf423ab0ce6|202102090135|52010002|13205378570600003|6232082800012687411|2021021093056531|1000|YH|
20210210|20210210|402880ca72fdd5840172fdf423ab0ce6|202102090132|52010002|13205378570600003|6232082800012687411|2021021093056532|1000|YH|
20210210|20210210|402880ca72fdd5840172fdf423ab0ce6|202102090115|52010002|13205378570600003|6232082800012687411|2021021093056533|1000|YH|
20210210|20210210|402880ca72fdd5840172fdf423ab0ce6|202102090124|52010002|13205378570600003|6232082800012687411|2021021093056534|1000|YH|
20210210|20210210|402880ca72fdd5840172fdf423ab0ce6|202102090121|52010002|13205378570600003|6232082800012687411|2021021093056535|1000|YH|
20210210|20210210|402880ca72fdd5840172fdf423ab0ce6|202102090048|52010002|13205378570600003|6232082800012687411|2021021093056536|1000|YH|
20210210|20210210|402880ca72fdd5840172fdf423ab0ce6|202102090061|52010002|13205378570600003|6232082800012687411|2021021093056537|1000|YH|
20210210|20210210|402880ca72fdd5840172fdf423ab0ce6|202102090071|52010002|13205378570600003|6232082800012687411|2021021093056538|1000|YH|
20210210|20210210|402880ca72fdd5840172fdf423ab0ce6|202102090051|52010002|13205378570600003|6232082800012687411|2021021093056540|1000|YH|
20210210|20210210|402880ca72fdd5840172fdf423ab0ce6|202102090050|52010002|13205378570600003|6232082800012687411|2021021093056541|1000|YH|
20210210|20210210|402880ca72fdd5840172fdf423ab0ce6|202102090063|52010002|13205378570600003|6232082800012687411|2021021093056542|1000|YH|
20210210|20210210|402880ca72fdd5840172fdf2ed896177|202102090199|52010001|13205378570600002|6232082800007554048|2021021093079054|1000|YH|
20210210|20210210|402880ca72fdd5840172fdf2ed896177|202011170730|52010001|13205378570600002|6232082800007554048|2021021093079055|1000|YH|
20210210|20210210|402880ca72fdd5840172fdf2ed896177|202011160869|52010001|13205378570600002|6232082800007554048|2021021093079056|1000|YH|
20210210|20210210|402880ca72fdd5840172fdf2ed896177|202011160866|52010001|13205378570600002|6232082800007554048|2021021093079057|1000|YH|
20210210|20210210|402880ca72fdd5840172fdf2ed896177|202011150769|52010001|13205378570600002|6232082800007554048|2021021093079058|1000|YH|
20210210|20210210|402880ca72fdd5840172fdf2ed896177|202011150768|52010001|13205378570600002|6232082800007554048|2021021093079059|1000|YH|
20210210|20210210|402880ca72fdd5840172fdf2ed896177|202011150767|52010001|13205378570600002|6232082800007554048|2021021093079060|1000|YH|
20210210|20210210|402880ca72fdd5840172fdf2ed896177|202011150765|52010001|13205378570600002|6232082800007554048|2021021093079061|1000|YH|
20210210|20210210|402880ca72fdd5840172fdf2ed896177|202011150764|52010001|13205378570600002|6232082800007554048|2021021093079062|1000|YH|
20210210|20210210|402880ca72fdd5840172fdf2ed896177|202011150762|52010001|13205378570600002|6232082800007554048|2021021093079063|1000|YH|
20210210|20210210|402880ca72fdd5840172fdf2ed896177|202011150760|52010001|13205378570600002|6232082800007554048|2021021093079064|1000|YH|
20210210|20210210|402880ca72fdd5840172fdf2ed896177|202011150757|52010001|13205378570600002|6232082800007554048|2021021093079071|1000|YH|
20210210|20210210|402880ca72fdd5840172fdf2ed896177|202011150770|52010001|13205378570600002|6232082800007554048|2021021093079073|1000|YH|
20210210|20210210|402880ca72fdd5840172fdf2ed896177|202011140680|52010001|13205378570600002|6232082800007554048|2021021093079074|1000|YH|
20210210|20210210|402880ca72fdd5840172fdf2ed896177|202011140675|52010001|13205378570600002|6232082800007554048|2021021093079075|1000|YH|
20210210|20210210|402880ca72fdd5840172fdf2ed896177|202011110991|52010001|13205378570600002|6232082800007554048|2021021093079077|1000|YH|
20210210|20210210|402880ca72fdd5840172fdf2ed896177|202011110993|52010001|13205378570600002|6232082800007554048|2021021093079079|1000|YH|
20210210|20210210|402880ca72fdd5840172fdf2ed896177|202011110982|52010001|13205378570600002|6232082800007554048|2021021093079081|1000|YH|
20210210|20210210|402880ca72fdd5840172fdf2ed896177|202011110968|52010001|13205378570600002|6232082800007554048|2021021093079082|1000|YH|
20210210|20210210|402880ca72fdd5840172fdf2ed896177|202011110963|52010001|13205378570600002|6232082800007554048|2021021093079083|1000|YH|
20210210|20210210|402880ca72fdd5840172fdf2ed896177|202011110962|52010001|13205378570600002|6232082800007554048|2021021093079084|1000|YH|
20210210|20210210|402880ca72fdd5840172fdf2ed896177|202011110950|52010001|13205378570600002|6232082800007554048|2021021093079085|1000|YH|
20210210|20210210|402880ca72fdd5840172fdf2ed896177|202011110956|52010001|13205378570600002|6232082800007554048|2021021093079089|1000|YH|
20210210|20210210|402880ca72fdd5840172fdf2ed896177|202011110953|52010001|13205378570600002|6232082800007554048|2021021093079090|1000|YH|
20210210|20210210|402880ca72fdd5840172fdf2ed896177|202011110949|52010001|13205378570600002|6232082800007554048|2021021093079091|1000|YH|
20210210|20210210|402880ca72fdd5840172fdf2ed896177|202011110945|52010001|13205378570600002|6232082800007554048|2021021093079092|1000|YH|
20210210|20210210|402880ca72fdd5840172fdf2ed896177|202011110942|52010001|13205378570600002|6232082800007554048|2021021093079094|1000|YH|
20210210|20210210|402880ca72fdd5840172fdf2ed896177|202011110936|52010001|13205378570600002|6232082800007554048|2021021093079095|1000|YH|
20210210|20210210|402880ca72fdd5840172fdf2ed896177|202011110940|52010001|13205378570600002|6232082800007554048|2021021093079097|1000|YH|
20210210|20210210|402880ca72fdd5840172fdf2ed896177|202011110922|52010001|13205378570600002|6232082800007554048|2021021093079098|1000|YH|
20210210|20210210|402880ca72fdd5840172fdf2ed896177|202011110914|52010001|13205378570600002|6232082800007554048|2021021093079099|1000|YH|
20210210|20210210|402880ca72fdd5840172fdf2ed896177|202011110911|52010001|13205378570600002|6232082800007554048|2021021093079100|1000|YH|
20210210|20210210|402880ca72fdd5840172fdf2ed896177|202011110934|52010001|13205378570600002|6232082800007554048|2021021093079101|1000|YH|
20210210|20210210|402880ca72fdd5840172fdf2ed896177|202011110928|52010001|13205378570600002|6232082800007554048|2021021093079124|1000|YH|
20210210|20210210|402880ca72fdd5840172fdf2ed896177|202011110909|52010001|13205378570600002|6232082800007554048|2021021093079104|1000|YH|
20210210|20210210|402880ca72fdd5840172fdf2ed896177|202011110904|52010001|13205378570600002|6232082800007554048|2021021093079105|1000|YH|
20210210|20210210|402880ca72fdd5840172fdf2ed896177|202011110918|52010001|13205378570600002|6232082800007554048|2021021093079106|1000|YH|
20210210|20210210|402880ca72fdd5840172fdf2ed896177|202011110912|52010001|13205378570600002|6232082800007554048|2021021093079107|1000|YH|
20210210|20210210|402880ca72fdd5840172fdf2ed896177|202011110907|52010001|13205378570600002|6232082800007554048|2021021093079108|1000|YH|
20210210|20210210|402880ca72fdd5840172fdf2ed896177|202011100749|52010001|13205378570600002|6232082800007554048|2021021093079109|1000|YH|
20210210|20210210|402880ca72fdd5840172fdf2ed896177|202011100735|52010001|13205378570600002|6232082800007554048|2021021093079110|1000|YH|
20210210|20210210|402880ca72fdd5840172fdf2ed896177|202011091230|52010001|13205378570600002|6232082800007554048|2021021093079111|1000|YH|
20210210|20210210|402880ca72fdd5840172fdf2ed896177|202011091246|52010001|13205378570600002|6232082800007554048|2021021093079112|1000|YH|
20210210|20210210|402880ca72fdd5840172fdf2ed896177|202011071038|52010001|13205378570600002|6232082800007554048|2021021093079113|1000|YH|
20210210|20210210|402880ca72fdd5840172fdf2ed896177|202011071130|52010001|13205378570600002|6232082800007554048|2021021093079114|1000|YH|
20210210|20210210|402880ca72fdd5840172fdf2ed896177|202011071123|52010001|13205378570600002|6232082800007554048|2021021093079115|1000|YH|
20210210|20210210|402880ca72fdd5840172fdf2ed896177|202011071121|52010001|13205378570600002|6232082800007554048|2021021093079116|1000|YH|
20210210|20210210|402880ca72fdd5840172fdf2ed896177|202011071119|52010001|13205378570600002|6232082800007554048|2021021093079117|1000|YH|
20210210|20210210|402880ca72fdd5840172fdf2ed896177|202011071118|52010001|13205378570600002|6232082800007554048|2021021093079118|1000|YH|
20210210|20210210|402880ca72fdd5840172fdf2ed896177|202011071114|52010001|13205378570600002|6232082800007554048|2021021093079129|1000|YH|
